111111111111111111111111
100000100000000010000001
101110101111111010111101
101000100000001010000101
101011111111101011110101
101000000000001000000101
101111111111111111111101
100000100000000000000001
111110101111111111111101
100000101000001000000101
101111101011101011110101
100000001010001010010101
111111111010111010010101
100000000010000010010101
101111111111111110010101
101000000000000000010101
101011111111111111110101
101010000000000000000101
101010111111111111111101
101010000000000000000001
101011111111111111111101
100000000000000000000001
100000000000000000000001
111111111111111111111111
